880
512
1889
0
137
616
1149
1095
1164
1219
2144
2287
1483
1967
187
1700
748
476
2118
1808
148
2122
1427
2180
1718
585
1940
2456
1292
2459
919
226
1459
645
2032
1747
2480
1613
401
298
1438
2260
1139
224
2360
1751
571
2441
32
104
1570
1969
719
2369
1786
419
1652
26
1385
1789
1325
2143
1278
117
952
1442
403
2228
1979
1256
1412
796
2104
2210
1040
2171
959
2531
1187
831
1107
364
1678
1167
1549
82
186
1780
693
1016
1699
1137
1949
2365
1970
1661
2256
455
323
2338
2039
55
781
1055
2528
2496
1991
1797
1722
93
1622
1233
573
87
2413
1605
1545
1419
467
526
2495
808
924
1001
837
258
1901
418
53
1068
1523
2241
1690
888
2354
992
282
8
562
2431
830
1671
2044
16
1437
844
658
1063
1829
1407
639
2123
741
2438
2237
272
54
504
2056
655
2498
674
1985
15
1707
277
2261
1225
2370
1670
2213
266
62
1313
2264
396
119
1897
2489
13
227
383
2217
1577
1978
851
2485
1913
1646
2102
1436
2236
1539
1253
2055
776
2326
379
355
487
1036
1630
651
948
827
1921
1340
506
883
1308
588
2202
167
1242
1123
2475
348
965
939
2197
1352
981
1774
1002
23
1267
440
669
2317
135
1813
2186
188
1634
1602
1337
1247
587
1580
2103
572
470
1461
974
394
2152
1556
416
2230
2046
1884
1122
2058
2215
350
1917
115
2192
2068
553
2164
490
1439
1865
2296
1939
48
1814
251
1371
1162
2476
2079
1579
1984
7
1772
899
737
1943
112
2191
484
2529
1681
2175
2109
1481
1157
1603
1156
502
1266
2220
209
1395
1965
1370
1035
858
1802
2162
2409
288
1862
89
1249
2266
1104
1952
1534
621
2451
413
1606
2223
1737
1307
1060
2372
708
2432
832
957
843
1334
2005
1899
1839
1619
567
1320
688
495
582
817
1854
2304
1656
856
828
83
2514
1141
1341
91
754
1743
1608
2348
1562
447
2203
677
1347
78
2154
2336
2344
2069
1584
286
1165
532
1800
61
1817
269
1847
1455
2052
626
1739
1344
2149
2002
475
2269
839
30
267
706
1702
1331
2165
694
9
1198
2364
1875
1453
1564
1190
410
687
1485
1380
909
2132
47
482
136
2406
1382
27
108
2398
595
1090
296
2025
2306
105
1330
2178
1867
322
2114
1588
1295
1217
1087
1644
1027
161
996
1623
975
591
1922
723
2313
114
1458
559
300
709
815
938
2271
84
387
2526
51
1024
1666
601
1560
181
151
1744
633
961
2309
2379
2078
18
2091
1933
2469
220
1975
833
1116
2334
1569
1898
2176
1184
321
295
2351
2463
2248
686
933
514
657
2411
578
175
2061
1494
1180
683
2399
423
2483
1120
1728
552
877
1434
1806
804
531
281
1465
478
701
2167
2225
978
1008
1174
1542
271
560
2206
2087
906
1614
1311
1477
1084
1880
444
1912
1660
604
283
2408
156
2174
2481
1642
432
433
949
1130
1268
2433
239
2443
1541
2404
1528
608
1543
2234
2141
1758
1298
2450
2322
887
592
2490
1368
1827
1457
1645
362
1834
1026
2172
2187
305
2472
80
386
1784
775
1127
1853
902
1832
2201
545
690
120
1239
1081
2020
1951
176
343
1397
2305
2290
2147
945
2000
1099
1134
1132
1595
1362
2497
1471
1252
2273
498
1905
22
1360
812
782
2532
59
1654
313
1876
650
155
1648
862
1625
1496
2417
1136
1435
1640
1476
2501
2530
324
533
729
1740
1575
497
1918
1530
2293
2397
853
726
405
372
302
1890
609
1041
1339
807
1214
1893
1627
1015
1989
941
1920
273
1178
472
682
2371
546
1155
1283
185
2521
81
667
377
761
1208
2332
1022
371
772
446
2153
1047
2134
1734
1343
72
2010
2129
1855
349
1351
357
1757
707
1327
368
1957
1589
2280
1415
1185
1615
1738
966
2454
1392
1314
2135
891
1822
1152
1923
903
2387
1973
800
1154
456
1245
2018
1312
689
2208
1237
2035
203
280
2016
1857
1911
1480
225
1506
2391
1423
1938
1196
1592
1159
1463
821
1896
1929
593
757
1502
551
1053
564
607
516
931
950
299
2340
1079
1361
1730
2515
2502
2275
538
2014
2072
2341
509
1815
2076
2062
622
803
2297
789
643
1410
1508
1176
1563
2242
1733
2519
2096
1070
1426
1359
1555
692
599
969
2389
1726
116
2478
1638
936
2263
1680
1302
1818
885
417
1417
1466
1293
662
44
1101
993
521
1599
1007
1881
2138
1425
1831
612
2470
213
2405
234
1065
1028
1501
790
2028
462
500
442
56
1877
2211
2349
149
2133
1357
460
947
125
2407
199
2453
146
869
1271
2142
2106
2278
402
721
2251
1547
2185
11
1066
1329
958
852
464
2017
1263
1531
1377
624
173
468
1074
347
2214
1764
2196
1403
2060
5
43
670
1517
727
1959
193
787
1860
474
1420
1273
14
1085
391
204
1955
544
527
2458
1269
664
109
1846
1883
971
1689
777
1682
640
2474
1051
1094
1048
999
568
503
691
2188
1833
2045
4
740
1835
1658
2307
2207
2161
724
1166
928
265
483
1212
1551
732
1474
126
1725
195
1131
1004
805
1317
964
6
1019
1492
1089
2081
194
908
218
743
2212
1628
376
158
703
944
2148
1318
1996
1544
1826
1277
518
510
2374
311
1034
536
2295
1585
2286
581
2254
1319
337
333
1513
634
2130
1197
1056
2321
648
2511
2423
1988
2124
2013
1904
2097
1844
2356
1785
713
2418
190
254
443
241
228
922
1540
461
1974
1873
1356
425
956
2444
1535
695
932
826
2247
1871
235
1752
1301
2077
722
407
481
2388
243
1565
397
77
1697
652
1781
1582
725
2090
428
848
2047
1631
1805
63
2410
232
2455
2034
962
1227
1926
2386
760
1586
589
370
352
1338
716
1895
1908
2415
684
1288
2170
1020
1333
2111
2043
1669
1794
632
240
615
244
779
367
2367
1946
399
1468
2115
610
752
2092
1009
1115
2184
2420
121
1688
206
825
1221
1491
550
795
1260
1405
1462
179
1306
505
646
219
2452
882
699
798
879
628
458
1693
829
1683
1119
855
539
1240
542
767
598
2084
1790
1500
1594
1025
1083
522
1968
513
2252
1885
1891
2414
2267
381
2265
35
900
1011
1746
773
1473
1976
1175
2168
1129
2250
10
1852
1760
547
997
1215
2246
2342
95
1003
424
2520
2473
822
388
2015
1657
1109
2218
1294
1742
242
385
2257
2446
1323
819
653
2181
1472
1637
1533
1296
339
972
1145
2036
2471
132
1073
1775
1321
1649
620
1590
1756
477
304
134
702
818
600
2299
247
2492
345
76
636
1777
872
2479
1906
2098
698
523
2274
557
2318
2283
1071
1825
1698
1289
1467
718
1077
1206
1173
2337
2177
2284
230
40
638
1374
2477
1708
1291
2155
2448
159
1413
508
1518
1750
344
1017
331
445
984
427
1509
1796
414
1179
1274
1982
68
2116
384
1778
1075
586
2235
1820
511
451
1900
520
2375
660
2156
663
88
398
17
1058
968
763
1478
404
1659
1355
1057
1795
1422
915
2200
797
1213
1559
438
755
1521
715
2403
1169
255
1866
308
1522
1936
623
2037
583
2329
1379
1045
2345
60
303
1143
208
1398
1224
555
1013
921
2221
2524
788
2424
873
574
1148
678
845
1672
2277
1000
982
630
36
1776
2401
2419
1971
1667
942
1732
1121
373
2051
1849
1093
625
565
847
1735
1503
1803
1384
2508
859
2525
1202
140
1673
2054
2327
1925
65
366
1538
1731
168
654
649
2137
2249
2352
217
1498